1019.00	292.15	3.939
5.30	287.24	3.939	5.16	-6.80
5.77	287.05	3.939	6.66	-8.20
10.00	284.91	3.940	6.33	-8.51
20.00	285.11	3.943	6.98	-9.65
259.90	282.35	2.878	7.10	-9.42
266.30	282.10	2.880	7.18	-9.49
272.70	281.94	2.881	7.32	-9.64
279.00	281.78	2.882	7.38	-9.72
285.40	281.72	2.882	7.45	-9.78
291.80	281.56	2.883	7.53	-9.85
298.20	281.41	3.460	7.61	-9.92
304.50	281.34	2.884	7.67	-10.00
310.90	281.18	2.885	7.75	-10.06
317.30	281.13	2.885	7.89	-10.21
323.60	280.97	2.886	7.97	-10.27
330.00	280.90	2.886	8.03	-10.35
336.40	280.75	2.887	8.11	-10.42
342.80	280.59	2.888	8.19	-10.48
349.20	280.53	2.888	8.25	-10.56
355.70	280.37	2.889	8.39	-10.70
362.30	280.31	2.889	8.45	-10.78
368.80	280.16	2.890	8.49	-10.75
375.30	280.00	2.891	8.53	-10.72
381.90	279.93	2.891	8.57	-10.69
388.40	279.78	2.892	8.58	-10.68
394.90	279.72	2.892	8.62	-10.65
401.50	279.56	2.893	8.66	-10.62
408.00	279.41	2.894	8.63	-10.51
414.50	279.34	2.894	8.65	-10.49
421.10	279.18	2.895	8.69	-10.46
427.60	279.13	2.895	8.72	-10.43
432.70	278.97	2.896	8.76	-10.40
437.20	278.81	2.897	8.78	-10.39
441.80	278.76	2.897	8.81	-10.36
446.30	278.59	2.898	8.85	-10.33
450.90	278.55	2.898	8.89	-10.30
455.40	278.41	2.899	8.90	-10.28
460.00	278.27	2.900	8.94	-10.25
464.50	278.23	2.900	8.98	-10.22
469.10	278.09	2.901	9.01	-10.19
473.60	278.05	2.901	9.03	-10.17
478.20	277.91	2.902	9.06	-10.14
482.70	277.77	2.903	9.10	-10.11
487.30	277.73	2.903	9.14	-10.07
491.60	277.59	2.904	9.17	-10.04
495.80	277.54	2.904	9.19	-10.03
499.90	277.40	2.905	9.22	-9.99
504.10	277.36	2.905	9.26	-9.96
508.20	277.22	2.906	9.29	-9.93
512.40	277.18	2.906	9.31	-9.91
516.50	277.14	2.906	9.34	-9.88
520.70	277.00	2.907	9.38	-9.85
524.80	276.96	2.907	9.41	-9.82
529.00	276.92	2.907	9.45	-9.78
533.10	276.78	2.908	9.46	-9.77
537.20	276.74	2.908	9.50	-9.73
541.40	276.70	2.908	9.53	-9.70
545.40	276.56	2.909	9.57	-9.67
549.20	276.52	2.909	9.60	-9.63
553.00	276.39	2.910	9.63	-9.60
556.70	276.36	2.910	9.65	-9.58
560.50	276.32	2.910	9.68	-9.55
564.30	276.18	2.911	9.72	-9.52
568.10	276.15	2.911	9.75	-9.48
571.90	276.12	2.911	9.78	-9.45
575.60	275.98	2.912	9.82	-9.41
579.40	275.95	2.912	9.83	-9.40
583.20	275.91	2.912	9.87	-9.36
587.00	275.78	2.913	9.90	-9.33
590.80	275.74	2.913	9.93	-9.29
594.50	275.71	2.913	9.96	-9.26
598.20	275.57	2.914	9.99	-9.22
601.80	275.53	2.914	10.03	-9.19
605.50	275.50	2.914	10.04	-9.17
609.20	275.37	2.915	10.07	-9.14
612.80	275.33	2.915	10.11	-9.10
616.50	275.29	2.915	10.14	-9.06
620.20	275.16	2.916	10.17	-9.03
623.80	275.13	2.916	10.20	-8.99
627.50	274.99	3.501	10.22	-8.98
631.20	274.96	2.918	10.25	-8.94
634.80	274.91	2.918	10.25	-8.94
638.50	274.78	2.919	10.25	-8.94
642.60	274.74	2.919	10.25	-8.94
646.80	274.70	2.919	10.26	-8.92
650.90	274.57	2.920	10.26	-8.92
655.10	274.53	2.920	10.26	-8.92
659.20	274.49	2.920	10.26	-8.92
663.40	274.35	2.921	10.26	-8.92
667.50	274.31	2.921	10.26	-8.92
671.60	274.28	2.921	10.26	-8.92
675.80	274.14	2.922	10.26	-8.92
679.90	274.10	2.922	10.26	-8.92
684.10	274.06	2.922	10.26	-8.92
688.20	273.92	2.923	10.26	-8.92
692.10	273.89	2.923	10.26	-8.92
695.90	273.86	2.923	10.26	-8.92
699.70	273.73	2.924	10.26	-8.92
703.50	273.69	2.924	10.26	-8.92
707.30	273.66	2.924	10.28	-8.90
711.10	273.53	2.925	10.28	-8.90
714.90	273.49	2.925	10.28	-8.90
718.70	273.45	2.925	10.28	-8.90
722.50	273.32	2.926	10.28	-8.90
726.30	273.29	2.926	10.28	-8.90
730.10	273.25	2.926	10.28	-8.90
733.90	273.12	2.927	10.28	-8.90
737.70	273.09	2.927	10.28	-8.90
741.40	273.05	2.927	10.28	-8.90
744.80	272.92	2.928	10.28	-8.90
748.20	272.89	2.928	10.28	-8.90
751.60	272.86	2.928	10.30	-8.89
755.10	272.73	2.929	10.31	-8.87
758.50	272.69	2.929	10.31	-8.87
761.90	272.55	2.930	10.33	-8.85
765.30	272.52	2.930	10.34	-8.83
768.80	272.49	2.930	10.34	-8.83
772.20	272.35	2.931	10.36	-8.81
775.60	272.32	2.931	10.37	-8.80
779.10	272.29	2.931	10.37	-8.80
782.50	272.16	2.932	10.39	-8.78
786.00	272.12	2.932	10.40	-8.76
789.70	272.08	2.932	10.40	-8.76
793.50	271.95	2.933	10.34	-8.68
797.20	271.91	2.933	10.36	-8.66
800.90	271.87	2.933	10.36	-8.66
804.60	271.73	2.934	10.37	-8.64
808.30	271.70	2.934	10.39	-8.62
812.00	271.66	2.934	10.40	-8.61
815.70	271.52	2.935	10.40	-8.61
819.50	271.49	2.935	10.42	-8.59
823.20	271.44	2.935	10.43	-8.57
826.90	271.41	2.935	10.43	-8.57
830.60	271.27	2.936	10.45	-8.55
834.40	271.24	2.936	10.46	-8.53
838.80	271.19	2.936	10.46	-8.53
843.20	271.06	2.937	10.48	-8.51
847.60	271.02	2.937	10.41	-8.43
851.90	270.99	2.937	10.41	-8.43
856.30	270.94	2.350	10.43	-8.41
860.70	270.81	2.938	10.44	-8.40
865.10	270.77	2.938	10.44	-8.40
869.50	270.74	2.351	10.44	-8.40
873.90	270.60	2.939	10.46	-8.38
878.20	270.56	2.939	10.46	-8.38
882.60	270.52	2.939	10.46	-8.38
887.00	270.39	2.941	10.39	-8.30
891.10	270.35	2.941	10.39	-8.30
894.80	270.32	2.941	10.39	-8.30
898.60	270.29	2.352	10.39	-8.30
902.30	270.16	2.942	10.41	-8.28
906.00	270.12	2.942	10.41	-8.28
909.80	270.09	2.353	10.41	-8.28
913.50	269.96	2.943	10.34	-8.20
917.20	269.93	2.943	10.34	-8.20
921.00	269.90	2.943	10.34	-8.20
924.70	269.77	2.944	10.36	-8.18
928.40	269.74	2.944	10.36	-8.18
932.10	269.70	2.944	10.36	-8.18
935.90	269.67	2.355	10.36	-8.18
939.30	269.54	2.945	10.29	-8.10
942.20	269.51	2.945	10.29	-8.10
945.10	269.48	2.356	10.29	-8.10
948.10	269.35	2.946	10.31	-8.08
951.00	269.31	2.946	10.31	-8.08
953.90	269.28	2.946	10.31	-8.08
956.80	269.24	2.357	10.24	-8.00
959.70	269.12	2.947	10.24	-8.00
962.70	269.11	2.947	10.24	-8.00
965.60	269.08	2.947	10.26	-7.99
968.50	269.05	2.357	10.26	-7.99
971.40	268.94	2.948	10.23	-8.02
974.10	268.92	2.948	10.22	-8.04
976.10	268.89	2.948	10.20	-8.06
978.20	268.87	2.358	10.17	-8.09
980.20	268.75	2.949	10.16	-8.11
982.20	268.72	2.949	10.15	-8.13
984.30	268.71	2.949	10.12	-8.16
986.30	268.68	2.359	10.18	-8.24
988.30	268.57	2.950	10.17	-8.26
990.40	268.54	2.950	10.14	-8.30
992.40	268.52	2.950	10.12	-8.31
994.40	268.50	2.360	10.11	-8.33
996.50	268.38	2.951	10.08	-8.37
998.50	268.35	2.951	10.06	-8.39
1000.60	268.34	2.951	10.05	-8.40
1003.10	268.31	2.951	10.02	-8.44
1005.70	268.28	2.361	10.01	-8.46
1008.20	268.17	2.952	9.99	-8.47
1010.80	268.15	2.952	10.04	-8.57
1013.40	268.12	2.952	10.02	-8.59
1015.90	268.10	2.362	10.01	-8.61
1018.50	267.98	2.953	9.98	-8.64
1021.10	267.96	2.953	9.96	-8.66
1023.60	267.94	2.953	9.95	-8.68
1026.20	267.91	2.363	9.93	-8.69
1028.70	267.80	2.954	9.90	-8.73
1031.30	267.77	2.954	9.89	-8.75
1033.90	267.75	2.954	9.87	-8.76
1036.90	267.72	2.363	9.84	-8.80
1040.10	267.59	2.955	9.90	-8.88
1043.40	267.56	2.955	9.84	-8.80
1046.70	267.53	2.955	9.86	-8.78
1049.90	267.50	2.364	9.80	-8.70
1053.20	267.47	2.364	9.80	-8.70
1056.40	267.34	2.956	9.74	-8.61
1059.70	267.32	2.956	9.75	-8.60
1062.90	267.28	2.365	9.69	-8.51
1066.20	267.16	2.958	9.71	-8.50
1069.40	267.13	2.958	9.65	-8.41
1072.70	267.10	2.958	9.66	-8.40
1075.90	267.07	2.366	9.58	-8.33
1079.20	266.93	2.959	9.60	-8.32
1082.50	266.91	2.959	9.54	-8.23
1085.80	266.87	2.367	9.55	-8.22
1089.10	266.74	2.960	9.57	-8.20
1092.50	266.71	2.960	9.51	-8.12
1095.80	266.68	2.368	9.52	-8.10
1099.10	266.55	2.961	9.46	-8.02
1102.40	266.51	2.961	9.47	-8.00
1105.70	266.48	2.369	9.41	-7.92
1109.10	266.35	2.962	9.42	-7.91
1112.40	266.31	2.962	9.36	-7.83
1115.70	266.28	2.369	9.37	-7.81
1119.30	266.24	2.369	9.31	-7.73
1123.20	266.11	2.963	9.32	-7.71
1127.20	266.08	2.370	9.26	-7.63
1131.10	266.04	2.370	9.27	-7.62
1135.00	265.91	2.964	9.21	-7.54
1138.90	265.88	2.964	9.22	-7.52
1142.90	265.84	2.371	9.23	-7.51
1146.80	265.71	2.965	9.26	-7.47
1150.70	265.68	2.965	9.29	-7.44
1154.70	265.65	2.372	9.31	-7.41
1158.60	265.51	2.966	9.35	-7.36
1162.50	265.48	2.966	9.38	-7.33
1166.40	265.45	2.373	9.40	-7.29
1170.40	265.41	2.373	9.43	-7.26
1173.90	265.28	2.967	9.47	-7.21
1177.30	265.24	2.374	9.49	-7.18
1180.80	265.20	2.374	9.52	-7.15
1184.30	265.06	2.968	9.54	-7.11
1187.70	265.01	2.375	9.58	-7.06
1191.20	264.97	2.375	9.60	-7.03
1194.60	264.83	2.969	9.63	-6.99
1198.10	264.78	2.969	9.65	-6.96
1201.60	264.74	2.375	9.68	-6.93
1205.00	264.60	2.970	9.71	-6.88
1208.50	264.55	2.376	9.74	-6.84
1212.20	264.41	2.971	9.76	-6.81
1217.70	264.37	2.377	9.78	-6.77
1223.10	264.23	2.378	9.81	-6.74
1228.60	264.09	2.974	9.84	-6.69
1234.00	264.05	2.379	9.95	-6.71
1239.50	263.91	2.975	9.97	-6.68
1244.90	263.87	2.380	10.00	-6.64
1250.40	263.73	2.976	10.02	-6.61
1255.80	263.69	2.381	10.05	-6.55
1261.30	263.55	2.977	10.08	-6.52
1266.70	263.50	2.381	10.10	-6.48
1272.20	263.37	2.978	10.12	-6.45
1277.60	263.32	2.382	10.16	-6.57
1283.10	263.18	2.383	10.11	-6.64
1288.50	263.04	2.980	10.16	-6.75
1294.00	263.00	2.384	10.11	-6.82
1299.40	262.86	2.981	10.15	-6.95
1305.40	262.81	2.385	10.10	-7.02
1311.70	262.65	2.982	10.15	-7.13
1317.90	262.60	2.386	10.10	-7.20
1324.10	262.45	2.983	10.13	-7.33
1330.30	262.38	2.387	10.17	-7.44
1336.50	262.24	2.388	10.12	-7.51
1342.70	262.18	2.388	10.16	-7.63
1349.00	262.02	2.388	10.10	-7.70
1355.20	261.96	2.388	10.14	-7.81
1361.40	261.81	2.389	10.09	-7.88
1367.60	261.66	2.988	10.12	-8.00
1373.80	261.60	2.390	10.16	-8.11
1380.00	261.45	2.989	10.10	-8.18
1386.20	261.39	2.391	10.14	-8.30
1392.50	261.24	2.990	10.09	-8.35
1398.70	261.18	2.392	10.11	-8.48
1404.90	261.02	2.393	10.14	-8.60
1411.20	260.97	2.393	10.10	-8.66
1417.50	260.81	2.394	10.13	-8.77
1423.90	260.75	2.394	10.16	-8.89
1430.30	260.60	2.395	10.11	-8.95
1436.60	260.45	2.994	10.12	-9.08
1443.00	260.38	2.395	10.15	-9.20
1449.40	260.22	2.995	10.10	-9.26
1455.70	260.16	2.396	10.13	-9.38
1462.10	260.00	2.397	10.18	-9.46
1468.50	259.93	2.397	10.24	-9.55
1474.90	259.78	2.398	10.30	-9.63
1481.20	259.72	2.398	10.35	-9.72
1488.00	259.56	2.399	10.41	-9.81
1495.20	259.40	3.000	10.46	-9.89
1502.50	259.33	2.400	10.50	-10.00
1509.80	259.18	2.401	10.56	-10.09
1517.00	259.12	2.401	10.61	-10.17
1524.30	258.95	2.402	10.66	-10.26
1531.60	258.89	2.402	10.72	-10.35
1538.90	258.73	2.402	10.77	-10.44
1546.10	258.67	2.402	10.90	-10.60
1553.40	258.52	2.403	10.95	-10.69
1560.10	258.36	2.404	11.00	-10.77
1566.50	258.30	2.404	11.06	-10.86
1572.80	258.24	2.404	11.11	-10.95
1579.20	258.18	2.404	11.16	-11.04
1585.60	258.12	2.404	11.21	-11.13
1591.90	258.16	1.802	11.26	-11.22
1598.30	258.10	1.802	11.31	-11.31
1604.60	258.04	1.802	11.38	-11.38
1611.00	257.99	2.403	11.44	-11.48
1617.30	257.93	2.403	11.49	-11.57
1623.70	257.78	2.404	11.54	-11.66
1630.00	257.63	1.804	11.59	-11.75
1636.40	257.47	1.804	11.64	-11.84
1642.70	257.33	1.805	11.68	-11.93
1649.10	257.18	1.806	11.75	-12.00
1654.90	257.03	1.806	11.80	-12.10
1660.60	256.88	1.807	11.96	-12.22
1666.30	256.73	2.410	12.08	-12.25
1672.00	256.77	1.807	12.19	-12.28
1677.70	256.72	1.807	12.28	-12.33
1683.40	256.76	1.806	12.40	-12.35
1689.10	256.70	1.806	12.49	-12.40
1694.80	256.75	1.806	12.60	-12.43
1700.50	256.70	1.806	12.70	-12.48
1706.20	256.74	1.805	12.81	-12.50
1712.00	256.70	1.805	12.90	-12.55
1717.00	256.55	1.806	13.09	-12.64
1722.00	256.51	1.806	13.19	-12.69
1727.10	256.37	1.806	13.28	-12.74
1732.10	256.22	1.807	13.40	-12.76
1737.10	256.17	1.807	13.49	-12.80
1742.10	256.03	1.808	13.59	-12.85
1747.10	255.98	1.205	13.70	-12.87
1752.10	255.84	1.808	13.80	-12.91
1757.10	255.70	1.809	13.90	-12.96
1762.10	255.66	1.206	14.01	-12.98
1767.10	255.53	1.810	14.18	-13.09
1772.10	255.39	1.810	14.28	-13.13
1777.10	255.36	1.810	14.38	-13.17
1782.10	255.22	1.811	14.50	-13.19
1787.10	255.09	1.812	14.59	-13.23
1792.10	255.04	1.812	14.69	-13.27
1797.20	254.91	1.812	14.79	-13.32
1802.20	254.77	1.813	14.89	-13.36
1807.20	254.74	1.813	15.08	-13.44
1812.20	254.60	1.814	15.18	-13.48
1817.20	254.47	2.419	15.23	-13.42
1821.50	254.43	1.814	15.27	-13.37
1825.20	254.30	1.815	15.32	-13.32
1828.90	254.25	1.815	15.44	-13.33
1832.60	254.12	1.816	15.49	-13.28
1836.30	253.98	1.816	15.54	-13.22
1840.00	253.95	1.816	15.58	-13.17
1843.70	253.81	1.817	15.70	-13.18
1847.40	253.68	2.424	15.75	-13.12
1851.10	253.64	1.818	15.80	-13.07
1854.90	253.51	1.818	15.84	-13.01
1858.60	253.46	1.818	15.94	-13.05
1862.30	253.33	1.819	15.99	-12.99
1865.80	253.20	1.820	16.03	-12.94
1869.30	253.18	1.820	16.15	-12.94
1872.80	253.05	1.820	16.20	-12.89
1876.30	253.02	1.820	16.24	-12.83
1879.80	252.90	2.428	16.29	-12.77
1883.20	252.86	1.821	16.41	-12.78
1886.70	252.84	1.821	16.46	-12.72
1890.20	252.80	1.821	16.50	-12.66
1893.70	252.77	1.821	16.63	-12.67
1897.20	252.64	1.822	16.67	-12.61
1900.70	252.62	1.822	16.69	-12.58
1904.20	252.58	1.822	16.74	-12.52
1907.70	252.55	1.822	16.86	-12.52
1911.20	252.42	1.823	16.90	-12.46
1914.70	252.40	1.823	16.95	-12.40
1917.90	252.36	1.823	17.07	-12.40
1921.20	252.33	1.823	17.11	-12.34
1924.50	252.21	2.431	17.11	-12.34
1927.70	252.18	1.823	17.22	-12.37
1931.00	252.15	1.823	17.22	-12.37
1934.30	252.12	1.823	17.32	-12.40
1937.60	251.99	2.432	17.42	-12.43
1940.80	251.96	1.824	17.42	-12.43
1944.10	251.92	1.824	17.53	-12.45
1947.40	251.88	1.824	17.53	-12.45
1950.60	251.75	2.433	17.63	-12.48
1954.80	251.70	1.825	17.63	-12.48
1959.50	251.67	1.825	17.73	-12.51
1964.30	251.62	1.825	17.75	-12.48
1969.10	251.59	1.825	17.84	-12.54
1973.90	251.45	1.825	17.86	-12.50
1978.60	251.40	1.825	17.94	-12.56
1983.40	251.37	1.825	17.96	-12.53
1988.20	251.32	1.825	18.04	-12.59
1992.90	251.19	1.826	18.07	-12.56
1997.70	251.15	1.826	18.15	-12.61
2002.50	251.11	1.826	18.17	-12.58
2007.30	251.07	1.826	18.27	-12.61
2012.00	250.94	1.827	18.27	-12.61
2016.80	250.89	1.827	18.38	-12.63
2021.50	250.86	1.827	18.38	-12.63
2025.00	250.73	1.827	18.48	-12.66
2028.50	250.70	1.827	18.48	-12.66
2032.00	250.66	1.827	18.59	-12.68
2035.50	250.54	1.828	18.59	-12.68
2039.00	250.51	1.828	18.69	-12.70
2042.50	250.48	1.828	18.69	-12.70
2046.00	250.35	1.829	18.88	-12.78
2049.50	250.32	1.829	18.96	-12.84
2053.00	250.29	1.829	19.15	-12.92
2056.40	250.26	1.219	19.23	-12.97
2059.90	250.13	1.829	19.42	-13.05
2063.40	250.10	1.829	19.51	-13.11
2066.90	250.07	1.829	19.69	-13.18
2070.40	250.04	1.829	19.86	-13.30
2073.90	249.91	1.830	19.94	-13.35
2077.40	249.87	1.830	20.13	-13.43
2080.90	249.85	1.830	20.22	-13.48
2084.80	249.81	1.220	20.41	-13.56
2088.80	249.77	1.220	20.49	-13.61
2092.70	249.74	1.830	20.68	-13.69
2096.60	249.70	1.830	20.76	-13.74
2100.50	249.76	1.220	20.93	-13.85
2104.50	249.73	1.220	21.04	-13.87
2108.40	249.69	1.220	21.21	-13.98
2112.30	249.66	1.829	21.29	-14.04
2116.20	249.62	1.829	21.48	-14.11
2120.20	249.68	1.219	21.56	-14.16
2124.10	249.64	1.219	21.76	-14.24
2128.00	249.61	1.219	21.84	-14.29
2132.00	249.58	1.219	22.01	-14.40
2135.30	249.64	1.219	22.12	-14.42
2137.90	249.71	1.218	22.28	-14.53
2140.60	249.78	1.218	22.37	-14.58
2143.30	249.85	0.609	22.56	-14.65
2146.00	249.91	0.608	22.64	-14.71
2148.60	249.98	0.608	22.81	-14.81
2151.30	249.96	1.216	22.95	-14.79
2154.00	250.03	1.216	22.97	-14.75
2156.60	250.00	1.216	23.08	-14.76
2159.30	249.98	1.216	23.11	-14.72
2162.00	249.95	0.608	23.24	-14.69
2164.70	249.92	0.608	23.27	-14.65
2167.30	249.91	0.608	23.38	-14.67
2170.00	249.88	0.608	23.49	-14.68
2172.70	249.85	0.608	23.54	-14.60
2175.30	249.73	1.216	23.65	-14.61
2178.00	249.71	1.216	23.68	-14.57
2180.70	249.68	0.608	23.79	-14.58
2183.30	249.66	0.608	23.92	-14.55
2186.00	249.64	0.608	23.95	-14.50
2188.70	249.61	0.608	24.06	-14.51
2191.30	249.58	0.608	24.09	-14.47
2194.00	249.57	0.608	24.20	-14.48
2196.70	249.45	0.608	24.25	-14.40
2199.30	249.42	0.608	24.36	-14.41
2202.00	249.40	0.608	24.47	-14.41
2204.70	249.37	0.608	24.50	-14.37
2207.50	249.34	0.608	24.61	-14.38
2210.30	249.33	0.608	24.66	-14.29
2213.20	249.30	0.608	24.77	-14.30
2216.00	249.18	0.609	24.88	-14.31
2218.80	249.16	0.609	24.90	-14.26
2221.70	249.13	0.609	25.02	-14.27
2224.50	249.10	0.609	25.13	-14.27
2227.40	249.09	0.609	25.15	-14.23
2230.20	249.06	0.609	25.29	-14.19
2233.10	249.03	0.609	25.29	-14.19
2235.90	248.91	0.609	25.40	-14.20
2238.70	248.89	0.609	25.49	-14.25
2241.60	248.86	0.609	25.51	-14.20
2244.50	248.84	0.609	25.63	-14.20
2247.30	248.82	0.609	25.71	-14.25
2250.20	248.79	0.609	25.74	-14.21
2253.10	248.76	0.609	25.83	-14.26
2255.90	248.73	0.609	25.94	-14.26
2258.80	248.71	0.609	25.96	-14.21
2261.70	248.69	0.609	26.05	-14.26

